var<-14+24
13+24